                            OLS Regression Results                            
==============================================================================
Dep. Variable:                 factor   R-squared:                       0.783
Model:                            OLS   Adj. R-squared:                  0.742
Method:                 Least Squares   F-statistic:                     19.33
Date:                Tue, 06 Feb 2024   Prob (F-statistic):           1.77e-66
Time:                        02:36:13   Log-Likelihood:                -542.32
No. Observations:                 332   AIC:                             1191.
Df Residuals:                     279   BIC:                             1392.
Df Model:                          52                                         
Covariance Type:            nonrobust                                         
============================================================================================
                               coef    std err          t      P>|t|      [0.025      0.975]
--------------------------------------------------------------------------------------------
const                        0.3751      0.966      0.388      0.698      -1.526       2.276
elapsed_time                 0.0026      0.003      0.940      0.348      -0.003       0.008
set_no                       0.1644      0.894      0.184      0.854      -1.596       1.925
game_no                      0.1470      0.263      0.558      0.577      -0.371       0.665
point_no                     0.7916      0.067     11.769      0.000       0.659       0.924
p1_sets                     -0.2520      0.882     -0.286      0.775      -1.988       1.484
p2_sets                      0.0413      0.973      0.042      0.966      -1.873       1.956
p1_games                    -0.2012      0.517     -0.390      0.697      -1.218       0.816
p2_games                    -0.0270      0.266     -0.101      0.919      -0.550       0.497
server                       1.5526      0.731      2.123      0.035       0.113       2.992
serve_no                     0.2208      0.166      1.327      0.186      -0.107       0.548
p1_points_won                1.7387      0.117     14.912      0.000       1.509       1.968
p2_points_won               -0.9471      0.064    -14.687      0.000      -1.074      -0.820
p1_ace                       0.1177      0.450      0.261      0.794      -0.768       1.003
p2_ace                      -2.4824      0.569     -4.366      0.000      -3.602      -1.363
p1_winner                   -0.7520      0.296     -2.539      0.012      -1.335      -0.169
p2_winner                   -0.3471      0.357     -0.972      0.332      -1.050       0.356
p1_double_fault             -0.2220      0.786     -0.283      0.778      -1.769       1.324
p2_double_fault              0.1157      0.905      0.128      0.898      -1.665       1.897
p1_unf_err                  -0.4420      0.274     -1.610      0.108      -0.982       0.098
p2_unf_err                  -0.5172      0.299     -1.728      0.085      -1.106       0.072
p1_net_pt                   -0.4907      0.571     -0.859      0.391      -1.615       0.634
p2_net_pt                   -0.1985      0.428     -0.464      0.643      -1.041       0.644
p1_net_pt_won                0.0958      0.636      0.151      0.880      -1.156       1.348
p2_net_pt_won               -0.0083      0.520     -0.016      0.987      -1.031       1.015
p1_break_pt                 -0.2272      0.267     -0.849      0.396      -0.754       0.299
p2_break_pt                  0.9718      0.402      2.417      0.016       0.180       1.763
p1_break_pt_won             -1.8914      0.784     -2.413      0.016      -3.434      -0.349
p2_break_pt_won              2.3566      1.441      1.635      0.103      -0.481       5.194
p1_break_pt_missed           0.1881      0.699      0.269      0.788      -1.189       1.565
p2_break_pt_missed          -2.1474      0.843     -2.548      0.011      -3.807      -0.488
p1_distance_run             -0.0009      0.023     -0.038      0.970      -0.046       0.044
p2_distance_run             -0.0155      0.019     -0.833      0.406      -0.052       0.021
rally_count                  0.0918      0.088      1.045      0.297      -0.081       0.265
speed_mph                   -0.0135      0.008     -1.715      0.087      -0.029       0.002
p1_trend                    -1.1962      0.107    -11.213      0.000      -1.406      -0.986
p2_trend                     1.1962      0.107     11.213      0.000       0.986       1.406
past_time                   -0.0290      0.174     -0.166      0.868      -0.372       0.314
point_no_to_start            0.0257      0.115      0.224      0.823      -0.200       0.251
p1_place_ge                 -0.2200      0.249     -0.882      0.378      -0.711       0.271
p1_place_le                 -0.0123      0.257     -0.048      0.962      -0.517       0.493
last_time                    0.0030      0.013      0.237      0.812      -0.022       0.028
serve_width_BC              -0.0490      0.283     -0.173      0.862      -0.605       0.507
serve_width_BW               0.2669      0.287      0.928      0.354      -0.299       0.833
serve_width_C                0.4272      0.271      1.578      0.116      -0.106       0.960
serve_width_W               -0.1006      0.283     -0.356      0.722      -0.657       0.456
serve_depth_NCTL            -0.3209      0.210     -1.527      0.128      -0.734       0.093
return_depth_ND              0.2168      0.166      1.306      0.193      -0.110       0.544
p1_break_pt*server           0.2272      0.267      0.849      0.396      -0.299       0.754
p2_break_pt*server           0.9718      0.402      2.417      0.016       0.180       1.763
p1_place_ge*server           0.1214      0.217      0.560      0.576      -0.306       0.549
p1_place_le*server          -0.0951      0.235     -0.405      0.686      -0.558       0.368
p1_sets*server              -0.1311      0.591     -0.222      0.825      -1.294       1.032
p2_sets*server              -2.4742      0.947     -2.614      0.009      -4.338      -0.611
p1_games*server             -0.5237      0.395     -1.326      0.186      -1.301       0.254
p2_games*server             -0.6383      0.193     -3.305      0.001      -1.019      -0.258
past_time*server             0.0166      0.174      0.095      0.924      -0.326       0.359
p2_trend*server             -0.0302      0.021     -1.464      0.144      -0.071       0.010
p1_trend*server              0.0302      0.021      1.464      0.144      -0.010       0.071
set_no*server               -1.0526      0.793     -1.327      0.186      -2.614       0.509
game_no*server               0.3906      0.172      2.269      0.024       0.052       0.729
point_no_to_start*server    -0.0426      0.113     -0.379      0.705      -0.264       0.179
==============================================================================
Omnibus:                       51.143   Durbin-Watson:                   2.555
Prob(Omnibus):                  0.000   Jarque-Bera (JB):              167.583
Skew:                           0.648   Prob(JB):                     4.07e-37
Kurtosis:                       6.231   Cond. No.                     1.14e+16
==============================================================================

Notes:
[1] Standard Errors assume that the covariance matrix of the errors is correctly specified.
[2] The smallest eigenvalue is 3.62e-25. This might indicate that there are
strong multicollinearity problems or that the design matrix is singular.
F统计量: 19.331316820240787
F检验的p值: 1.7685903780257906e-66
R方值: 0.7827489379757833