                            OLS Regression Results                            
==============================================================================
Dep. Variable:                 factor   R-squared:                       0.739
Model:                            OLS   Adj. R-squared:                  0.676
Method:                 Least Squares   F-statistic:                     11.76
Date:                Tue, 06 Feb 2024   Prob (F-statistic):           8.05e-41
Time:                        02:27:33   Log-Likelihood:                -465.29
No. Observations:                 274   AIC:                             1039.
Df Residuals:                     220   BIC:                             1234.
Df Model:                          53                                         
Covariance Type:            nonrobust                                         
============================================================================================
                               coef    std err          t      P>|t|      [0.025      0.975]
--------------------------------------------------------------------------------------------
const                       -2.2881      1.683     -1.359      0.175      -5.605       1.029
elapsed_time                 0.5378      0.236      2.278      0.024       0.073       1.003
set_no                       1.4606      2.058      0.710      0.479      -2.595       5.516
game_no                     -0.5049      0.354     -1.426      0.155      -1.203       0.193
point_no                     0.5241      0.249      2.107      0.036       0.034       1.014
p1_sets                      1.6342      1.499      1.090      0.277      -1.320       4.589
p2_sets                      2.1146      2.190      0.966      0.335      -2.201       6.430
p1_games                     0.9376      0.826      1.135      0.257      -0.690       2.565
p2_games                     0.8456      0.609      1.387      0.167      -0.356       2.047
server                      -0.5989      1.042     -0.575      0.566      -2.652       1.454
serve_no                    -0.1390      0.195     -0.711      0.478      -0.524       0.246
p1_points_won                2.0434      0.137     14.957      0.000       1.774       2.313
p2_points_won               -1.0048      0.091    -11.088      0.000      -1.183      -0.826
p1_ace                       0.5864      0.537      1.091      0.276      -0.472       1.645
p2_ace                      -1.1031      0.601     -1.836      0.068      -2.287       0.081
p1_winner                   -0.4630      0.347     -1.335      0.183      -1.146       0.220
p2_winner                    0.0685      0.342      0.200      0.842      -0.606       0.743
p1_double_fault              1.0002      0.697      1.435      0.153      -0.373       2.374
p2_double_fault              1.5371      0.911      1.687      0.093      -0.259       3.333
p1_unf_err                  -0.6311      0.375     -1.684      0.094      -1.370       0.108
p2_unf_err                  -1.0393      0.405     -2.568      0.011      -1.837      -0.242
p1_net_pt                    0.5817      0.542      1.073      0.285      -0.487       1.651
p2_net_pt                    0.5746      0.692      0.830      0.407      -0.789       1.938
p1_net_pt_won               -1.4394      0.654     -2.199      0.029      -2.729      -0.150
p2_net_pt_won               -0.2062      0.812     -0.254      0.800      -1.806       1.394
p1_break_pt                  0.0919      0.676      0.136      0.892      -1.240       1.424
p2_break_pt                  0.6815      0.305      2.234      0.026       0.080       1.283
p1_break_pt_won             -1.0362      1.249     -0.830      0.408      -3.498       1.425
p2_break_pt_won              1.7377      1.231      1.411      0.160      -0.689       4.164
p1_break_pt_missed           1.3596      1.982      0.686      0.493      -2.546       5.265
p2_break_pt_missed           0.6330      0.683      0.926      0.355      -0.714       1.980
p1_distance_run              0.0077      0.030      0.261      0.795      -0.051       0.066
p2_distance_run             -0.0208      0.025     -0.824      0.411      -0.071       0.029
rally_count                  0.0466      0.091      0.513      0.609      -0.133       0.226
speed_mph                   -0.0024      0.009     -0.281      0.779      -0.019       0.014
p1_trend                    -1.4800      0.135    -10.977      0.000      -1.746      -1.214
p2_trend                     1.4800      0.135     10.977      0.000       1.214       1.746
past_time                   -0.2307      0.295     -0.782      0.435      -0.812       0.351
point_no_to_start            0.1230      0.252      0.487      0.626      -0.374       0.620
p1_place_ge                  0.3388      0.349      0.971      0.333      -0.349       1.027
p1_place_le                 -0.1091      0.312     -0.350      0.727      -0.723       0.505
last_time                    0.1618      0.226      0.717      0.474      -0.283       0.606
serve_width_BC               0.4967      0.375      1.326      0.186      -0.242       1.235
serve_width_BW               0.2019      0.353      0.573      0.568      -0.493       0.897
serve_width_C                0.3378      0.368      0.918      0.360      -0.387       1.063
serve_width_W                0.1230      0.391      0.315      0.753      -0.647       0.893
serve_depth_NCTL            -0.0903      0.250     -0.362      0.718      -0.582       0.401
return_depth_ND             -0.0120      0.204     -0.059      0.953      -0.413       0.389
p1_break_pt*server          -0.0919      0.676     -0.136      0.892      -1.424       1.240
p2_break_pt*server           0.6815      0.305      2.234      0.026       0.080       1.283
p1_place_ge*server          -0.7358      0.326     -2.255      0.025      -1.379      -0.093
p1_place_le*server          -0.9411      0.292     -3.221      0.001      -1.517      -0.365
p1_sets*server               1.4877      1.108      1.342      0.181      -0.697       3.672
p2_sets*server               1.8190      1.313      1.385      0.167      -0.768       4.406
p1_games*server              0.4061      0.594      0.683      0.495      -0.765       1.577
p2_games*server              0.2511      0.272      0.924      0.357      -0.285       0.787
past_time*server            -0.1121      0.225     -0.498      0.619      -0.556       0.331
p2_trend*server              0.0654      0.035      1.885      0.061      -0.003       0.134
p1_trend*server             -0.0654      0.035     -1.885      0.061      -0.134       0.003
set_no*server                2.7077      1.368      1.979      0.049       0.011       5.404
game_no*server               0.0583      0.219      0.266      0.791      -0.374       0.490
point_no_to_start*server     0.1784      0.181      0.985      0.326      -0.178       0.535
==============================================================================
Omnibus:                        9.752   Durbin-Watson:                   1.894
Prob(Omnibus):                  0.008   Jarque-Bera (JB):               19.035
Skew:                          -0.041   Prob(JB):                     7.35e-05
Kurtosis:                       4.289   Cond. No.                     1.10e+16
==============================================================================

Notes:
[1] Standard Errors assume that the covariance matrix of the errors is correctly specified.
[2] The smallest eigenvalue is 1.68e-25. This might indicate that there are
strong multicollinearity problems or that the design matrix is singular.
F统计量: 11.757072838589723
F检验的p值: 8.046739431846748e-41
R方值: 0.7390659316061233