                            OLS Regression Results                            
==============================================================================
Dep. Variable:                 factor   R-squared:                       0.628
Model:                            OLS   Adj. R-squared:                  0.550
Method:                 Least Squares   F-statistic:                     8.035
Date:                Tue, 06 Feb 2024   Prob (F-statistic):           1.19e-30
Time:                        01:50:52   Log-Likelihood:                -677.92
No. Observations:                 300   AIC:                             1462.
Df Residuals:                     247   BIC:                             1658.
Df Model:                          52                                         
Covariance Type:            nonrobust                                         
============================================================================================
                               coef    std err          t      P>|t|      [0.025      0.975]
--------------------------------------------------------------------------------------------
const                       -1.2924      2.327     -0.555      0.579      -5.876       3.291
elapsed_time                -0.4032      0.251     -1.607      0.109      -0.897       0.091
set_no                      -2.7114      2.383     -1.138      0.256      -7.406       1.983
game_no                     -0.7170      0.576     -1.245      0.214      -1.851       0.417
point_no                     1.5424      0.187      8.247      0.000       1.174       1.911
p1_sets                     -0.5008      1.429     -0.350      0.726      -3.315       2.313
p2_sets                     -0.9183      3.346     -0.274      0.784      -7.508       5.671
p1_games                     0.5127      0.906      0.566      0.572      -1.271       2.297
p2_games                     0.0626      0.967      0.065      0.948      -1.842       1.967
server                       3.5250      1.836      1.920      0.056      -0.092       7.142
serve_no                    -0.0102      0.349     -0.029      0.977      -0.697       0.676
p1_points_won                2.7045      0.241     11.212      0.000       2.229       3.180
p2_points_won               -1.1621      0.140     -8.277      0.000      -1.439      -0.886
p1_ace                      -1.9407      1.007     -1.928      0.055      -3.923       0.042
p2_ace                       0.8875      0.949      0.935      0.351      -0.982       2.757
p1_winner                   -0.8244      0.626     -1.318      0.189      -2.057       0.408
p2_winner                    1.2543      0.589      2.130      0.034       0.094       2.414
p1_double_fault              0.2376      1.216      0.195      0.845      -2.158       2.633
p2_double_fault             -1.6472      1.666     -0.989      0.324      -4.928       1.633
p1_unf_err                   1.2637      0.666      1.897      0.059      -0.049       2.576
p2_unf_err                  -1.1138      0.542     -2.056      0.041      -2.181      -0.047
p1_net_pt                    1.5655      1.216      1.288      0.199      -0.829       3.960
p2_net_pt                   -0.3397      0.658     -0.517      0.606      -1.635       0.955
p1_net_pt_won               -2.7563      1.348     -2.045      0.042      -5.411      -0.102
p2_net_pt_won                1.1578      0.896      1.292      0.198      -0.607       2.923
p1_break_pt                 -0.5385      0.457     -1.178      0.240      -1.439       0.362
p2_break_pt                 -0.3635      0.614     -0.592      0.554      -1.573       0.846
p1_break_pt_won             -0.1924      1.344     -0.143      0.886      -2.839       2.454
p2_break_pt_won              4.7282      1.989      2.377      0.018       0.811       8.645
p1_break_pt_missed           1.4809      1.081      1.370      0.172      -0.648       3.610
p2_break_pt_missed          -3.2393      1.379     -2.348      0.020      -5.956      -0.522
p1_distance_run              0.0327      0.031      1.065      0.288      -0.028       0.093
p2_distance_run             -0.0582      0.029     -2.015      0.045      -0.115      -0.001
rally_count                  0.0547      0.147      0.373      0.710      -0.234       0.344
speed_mph                    0.0100      0.015      0.681      0.496      -0.019       0.039
p1_trend                    -1.9422      0.185    -10.500      0.000      -2.307      -1.578
p2_trend                     1.9422      0.185     10.500      0.000       1.578       2.307
past_time                    0.2535      0.442      0.574      0.567      -0.617       1.124
point_no_to_start           -0.1355      0.343     -0.394      0.694      -0.812       0.541
p1_place_ge                 -0.7651      0.461     -1.661      0.098      -1.672       0.142
p1_place_le                  1.4552      0.537      2.709      0.007       0.397       2.513
last_time                    0.2565      0.344      0.746      0.456      -0.421       0.934
serve_width_BC               0.6871      0.608      1.130      0.260      -0.510       1.885
serve_width_BW               0.5386      0.559      0.964      0.336      -0.562       1.639
serve_width_C                0.1945      0.550      0.354      0.724      -0.889       1.278
serve_width_W                0.8026      0.598      1.342      0.181      -0.375       1.980
serve_depth_NCTL            -0.2227      0.441     -0.505      0.614      -1.091       0.646
return_depth_ND             -0.2804      0.333     -0.842      0.401      -0.936       0.376
p1_break_pt*server           0.5385      0.457      1.178      0.240      -0.362       1.439
p2_break_pt*server          -0.3635      0.614     -0.592      0.554      -1.573       0.846
p1_place_ge*server          -1.5928      0.471     -3.384      0.001      -2.520      -0.666
p1_place_le*server          -0.6305      0.552     -1.142      0.254      -1.717       0.456
p1_sets*server              -1.9619      1.362     -1.440      0.151      -4.645       0.721
p2_sets*server              -4.0016      2.773     -1.443      0.150      -9.463       1.460
p1_games*server             -1.4991      0.801     -1.872      0.062      -3.077       0.079
p2_games*server             -1.1623      0.714     -1.629      0.105      -2.568       0.243
past_time*server            -0.1681      0.426     -0.394      0.694      -1.008       0.672
p2_trend*server             -0.0647      0.048     -1.344      0.180      -0.159       0.030
p1_trend*server              0.0647      0.048      1.344      0.180      -0.030       0.159
set_no*server               -2.4385      2.008     -1.214      0.226      -6.394       1.517
game_no*server               0.8636      0.385      2.241      0.026       0.105       1.623
point_no_to_start*server     0.0176      0.328      0.054      0.957      -0.629       0.664
==============================================================================
Omnibus:                       11.191   Durbin-Watson:                   2.616
Prob(Omnibus):                  0.004   Jarque-Bera (JB):               20.192
Skew:                          -0.166   Prob(JB):                     4.12e-05
Kurtosis:                       4.227   Cond. No.                     1.11e+16
==============================================================================

Notes:
[1] Standard Errors assume that the covariance matrix of the errors is correctly specified.
[2] The smallest eigenvalue is 2.2e-25. This might indicate that there are
strong multicollinearity problems or that the design matrix is singular.
F统计量: 8.035328952558867
F检验的p值: 1.1940550466140672e-30
R方值: 0.6284804233332353